0.0125126
0.629322
0.797662
0.790735
0.154668
0.0211188
0.0835292
0.801294
0.76281
0.545061
0.664083
0.0108036
0.056093
0.573321
0.833399
0.80517
0.572893
0.903592
0.460555
0.290414
0.354717
0.831507
0.897519
0.194403
0.367107
0.513932
0.0138859
0.387341
0.0623493
0.904782
0.514969
0.552812
0.491775
0.0440992
0.198981
0.0404675
0.872555
0.982055
0.310556
0.431562
0.0160222
0.118809
0.645558
0.848628
0.523881
0.241981
0.564562
0.540605
0.157537
0.042085
0.570513
0.77456
0.288308
0.388348
0.607196
0.565233
0.833338
0.144932
0.734733
0.273812
0.584399
0.810083
0.338084
0.607196
0.33549
0.757988
0.525224
0.048616
0.715537
0.366375
0.870876
0.251411
0.132115
0.809168
0.162145
0.426862
0.733299
0.797021
0.302683
0.257241
0.792871
0.0462661
0.0307932
0.365856
0.425794
0.757439
0.608783
0.874783
0.0399487
0.884854
0.138707
0.0814539
0.430738
0.478774
0.661916
0.786431
0.923856
0.880612
0.697562
0.301767